====================================================================================================
CT2 PROTOCOL FINAL ANALYSIS - Channels 1-8
====================================================================================================

Extracting channel frames from second sync header...
Found 495 frames

First 30 frames:
#    Rec    Elapsed    Variant  Channels (1-8)                                     Checksum            
----------------------------------------------------------------------------------------------------
1    1      0          65       35 35 35 35 35 35 35 35                            A9 95 AA 56         
2    2      300        65       35 35 35 35 35 35 35 35                            A9 95 AA 56         
3    3      601        65       35 35 99 99 35 35 35 35                            A5 95 A6 56         
4    4      901        65       35 35 35 35 35 35 35 35                            A9 95 AA 56         
5    5      1201       65       35 35 35 35 35 35 35 35                            A9 95 AA 56         
6    7      1519       65       35 35 99 99 35 35 35 35                            A5 95 A6 56         
7    8      1800       65       35 35 35 35 35 56 35 35                            6A 95 AA 35         
8    9      2100       65       35 35 35 35 35 35 35 35                            A9 95 AA 56         
9    10     2401       65       35 35 99 99 35 35 35 35                            A5 95 A6 56         
10   11     2709       65       35 35 35 35 35 56 35 35                            6A 95 AA 35         
11   13     2880       35       65 35 35 56 5C C7 33 56                            56 A5 65 99         
12   14     3001       65       35 35 35 35 35 35 35 35                            A9 95 AA 56         
13   15     3310       65       35 35 99 99 35 35 35 35                            A5 95 A6 56         
14   16     3604       65       35 35 35 35 35 59 35 35                            95 95 AA 35         
15   17     3907       65       35 35 35 35 35 35 35 35                            A9 95 AA 56         
16   18     4207       65       35 35 99 99 35 35 35 35                            A5 95 A6 56         
17   19     4507       65       35 35 35 35 35 59 35 35                            95 95 AA 35         
18   20     4808       65       35 35 35 35 35 35 35 35                            A9 95 AA 56         
19   21     5110       65       35 35 99 99 35 35 35 35                            A5 95 A6 56         
20   22     5409       65       35 35 35 35 35 35 35 35                            A9 95 AA 56         
21   23     5711       65       35 35 35 35 35 35 35 35                            A9 95 AA 56         
22   24     6012       65       35 35 99 99 35 35 35 35                            A5 95 A6 56         
23   25     6312       65       35 35 35 35 35 65 35 35                            59 95 AA 5A         
24   26     6612       65       35 35 35 35 35 35 35 35                            A9 95 AA 56         
25   27     6913       65       35 35 99 99 35 35 35 35                            A5 95 A6 56         
26   28     7211       65       35 35 35 35 35 65 35 35                            59 95 AA 5A         
27   29     7513       65       35 35 35 35 35 35 35 35                            A9 95 AA 56         
28   30     7812       65       35 35 99 99 35 35 35 35                            A5 95 A6 56         
29   31     7868       35       65 35 35 56 5C C7 33 56                            56 A5 65 99         
30   32     8114       65       35 35 35 35 35 95 35 35                            59 95 AA 69         

====================================================================================================
EXTRACTING CHANNEL HISTORIES
====================================================================================================

Extracted history for 8 channels

====================================================================================================
CHANNEL ANALYSIS
====================================================================================================

Ch   Unique Values                            #Rec   #Trans  First Transition              
----------------------------------------------------------------------------------------------------
1    35 65                                    495    56      35->65 @rec13                 
2    35                                       495    0                                     
3    35 99                                    495    309     35->99 @rec3                  
4    35 56 99                                 495    347     35->99 @rec3                  
5    35 56 59 5C 65 6A 95 AA                  495    138     35->5C @rec13                 
6    35 56 59 5A 65 95 AA C7                  495    138     35->56 @rec8                  
7    33 35 56 59 5A 65 6A 95 AA               495    125     35->33 @rec13                 
8    35 56 59 5A 65 6A 95 AA                  495    118     35->56 @rec13                 

====================================================================================================
DETAILED RECORD-BY-RECORD ANALYSIS
====================================================================================================

================================================================================
CHANNEL 1
================================================================================

Rec    Elapsed(ms)  Value    Transition                              
--------------------------------------------------------------------------------
1      0            35                                               
2      300          35                                               
3      601          35                                               
4      901          35                                               
5      1201         35                                               
7      1519         35                                               
8      1800         35                                               
9      2100         35                                               
10     2401         35                                               
11     2709         35                                               
13     2880         65       *** 35 -> 65                            
14     3001         35       *** 65 -> 35                            
15     3310         35                                               
16     3604         35                                               
17     3907         35                                               
18     4207         35                                               
19     4507         35                                               
20     4808         35                                               
21     5110         35                                               
22     5409         35                                               
23     5711         35                                               
24     6012         35                                               
25     6312         35                                               
26     6612         35                                               
27     6913         35                                               
28     7211         35                                               
29     7513         35                                               
30     7812         35                                               
31     7868         65       *** 35 -> 65                            
32     8114         35       *** 65 -> 35                            
34     8425         35                                               
35     8715         35                                               
36     9013         35                                               
38     9316         35                                               
41     9614         35                                               
42     9913         35                                               
43     10213        35                                               
44     10514        35                                               
45     10812        35                                               
46     11112        35                                               
47     11413        35                                               
48     11721        35                                               
49     12022        35                                               
50     12318        35                                               
51     12622        35                                               
52     12879        65       *** 35 -> 65                            
53     12915        35       *** 65 -> 35                            
54     13221        35                                               
55     13520        35                                               
56     13820        35                                               
57     14120        35                                               
58     14419        35                                               
59     14719        35                                               
60     15020        35                                               
61     15320        35                                               
62     15623        35                                               
63     15923        35                                               
64     16221        35                                               
65     16522        35                                               
66     16822        35                                               
... (435 more records)

Value Statistics (total 495 records):
  35:  465 occurrences ( 93.9%)
  65:   30 occurrences (  6.1%)

================================================================================
CHANNEL 2
================================================================================

Rec    Elapsed(ms)  Value    Transition                              
--------------------------------------------------------------------------------
1      0            35                                               
2      300          35                                               
3      601          35                                               
4      901          35                                               
5      1201         35                                               
7      1519         35                                               
8      1800         35                                               
9      2100         35                                               
10     2401         35                                               
11     2709         35                                               
13     2880         35                                               
14     3001         35                                               
15     3310         35                                               
16     3604         35                                               
17     3907         35                                               
18     4207         35                                               
19     4507         35                                               
20     4808         35                                               
21     5110         35                                               
22     5409         35                                               
23     5711         35                                               
24     6012         35                                               
25     6312         35                                               
26     6612         35                                               
27     6913         35                                               
28     7211         35                                               
29     7513         35                                               
30     7812         35                                               
31     7868         35                                               
32     8114         35                                               
34     8425         35                                               
35     8715         35                                               
36     9013         35                                               
38     9316         35                                               
41     9614         35                                               
42     9913         35                                               
43     10213        35                                               
44     10514        35                                               
45     10812        35                                               
46     11112        35                                               
47     11413        35                                               
48     11721        35                                               
49     12022        35                                               
50     12318        35                                               
51     12622        35                                               
52     12879        35                                               
53     12915        35                                               
54     13221        35                                               
55     13520        35                                               
56     13820        35                                               
57     14120        35                                               
58     14419        35                                               
59     14719        35                                               
60     15020        35                                               
61     15320        35                                               
62     15623        35                                               
63     15923        35                                               
64     16221        35                                               
65     16522        35                                               
66     16822        35                                               
... (435 more records)

Value Statistics (total 495 records):
  35:  495 occurrences (100.0%)

================================================================================
CHANNEL 3
================================================================================

Rec    Elapsed(ms)  Value    Transition                              
--------------------------------------------------------------------------------
1      0            35                                               
2      300          35                                               
3      601          99       *** 35 -> 99                            
4      901          35       *** 99 -> 35                            
5      1201         35                                               
7      1519         99       *** 35 -> 99                            
8      1800         35       *** 99 -> 35                            
9      2100         35                                               
10     2401         99       *** 35 -> 99                            
11     2709         35       *** 99 -> 35                            
13     2880         35                                               
14     3001         35                                               
15     3310         99       *** 35 -> 99                            
16     3604         35       *** 99 -> 35                            
17     3907         35                                               
18     4207         99       *** 35 -> 99                            
19     4507         35       *** 99 -> 35                            
20     4808         35                                               
21     5110         99       *** 35 -> 99                            
22     5409         35       *** 99 -> 35                            
23     5711         35                                               
24     6012         99       *** 35 -> 99                            
25     6312         35       *** 99 -> 35                            
26     6612         35                                               
27     6913         99       *** 35 -> 99                            
28     7211         35       *** 99 -> 35                            
29     7513         35                                               
30     7812         99       *** 35 -> 99                            
31     7868         35       *** 99 -> 35                            
32     8114         35                                               
34     8425         35                                               
35     8715         99       *** 35 -> 99                            
36     9013         35       *** 99 -> 35                            
38     9316         35                                               
41     9614         99       *** 35 -> 99                            
42     9913         35       *** 99 -> 35                            
43     10213        35                                               
44     10514        99       *** 35 -> 99                            
45     10812        35       *** 99 -> 35                            
46     11112        35                                               
47     11413        99       *** 35 -> 99                            
48     11721        35       *** 99 -> 35                            
49     12022        35                                               
50     12318        99       *** 35 -> 99                            
51     12622        35       *** 99 -> 35                            
52     12879        35                                               
53     12915        35                                               
54     13221        99       *** 35 -> 99                            
55     13520        35       *** 99 -> 35                            
56     13820        35                                               
57     14120        99       *** 35 -> 99                            
58     14419        35       *** 99 -> 35                            
59     14719        35                                               
60     15020        99       *** 35 -> 99                            
61     15320        35       *** 99 -> 35                            
62     15623        35                                               
63     15923        99       *** 35 -> 99                            
64     16221        35       *** 99 -> 35                            
65     16522        35                                               
66     16822        99       *** 35 -> 99                            
... (435 more records)

Value Statistics (total 495 records):
  35:  340 occurrences ( 68.7%)
  99:  155 occurrences ( 31.3%)

================================================================================
CHANNEL 4
================================================================================

Rec    Elapsed(ms)  Value    Transition                              
--------------------------------------------------------------------------------
1      0            35                                               
2      300          35                                               
3      601          99       *** 35 -> 99                            
4      901          35       *** 99 -> 35                            
5      1201         35                                               
7      1519         99       *** 35 -> 99                            
8      1800         35       *** 99 -> 35                            
9      2100         35                                               
10     2401         99       *** 35 -> 99                            
11     2709         35       *** 99 -> 35                            
13     2880         56       *** 35 -> 56                            
14     3001         35       *** 56 -> 35                            
15     3310         99       *** 35 -> 99                            
16     3604         35       *** 99 -> 35                            
17     3907         35                                               
18     4207         99       *** 35 -> 99                            
19     4507         35       *** 99 -> 35                            
20     4808         35                                               
21     5110         99       *** 35 -> 99                            
22     5409         35       *** 99 -> 35                            
23     5711         35                                               
24     6012         99       *** 35 -> 99                            
25     6312         35       *** 99 -> 35                            
26     6612         35                                               
27     6913         99       *** 35 -> 99                            
28     7211         35       *** 99 -> 35                            
29     7513         35                                               
30     7812         99       *** 35 -> 99                            
31     7868         56       *** 99 -> 56                            
32     8114         35       *** 56 -> 35                            
34     8425         35                                               
35     8715         99       *** 35 -> 99                            
36     9013         35       *** 99 -> 35                            
38     9316         35                                               
41     9614         99       *** 35 -> 99                            
42     9913         35       *** 99 -> 35                            
43     10213        35                                               
44     10514        99       *** 35 -> 99                            
45     10812        35       *** 99 -> 35                            
46     11112        35                                               
47     11413        99       *** 35 -> 99                            
48     11721        35       *** 99 -> 35                            
49     12022        35                                               
50     12318        99       *** 35 -> 99                            
51     12622        35       *** 99 -> 35                            
52     12879        56       *** 35 -> 56                            
53     12915        35       *** 56 -> 35                            
54     13221        99       *** 35 -> 99                            
55     13520        35       *** 99 -> 35                            
56     13820        35                                               
57     14120        99       *** 35 -> 99                            
58     14419        35       *** 99 -> 35                            
59     14719        35                                               
60     15020        99       *** 35 -> 99                            
61     15320        35       *** 99 -> 35                            
62     15623        35                                               
63     15923        99       *** 35 -> 99                            
64     16221        35       *** 99 -> 35                            
65     16522        35                                               
66     16822        99       *** 35 -> 99                            
... (435 more records)

Value Statistics (total 495 records):
  35:  310 occurrences ( 62.6%)
  56:   30 occurrences (  6.1%)
  99:  155 occurrences ( 31.3%)

================================================================================
CHANNEL 5
================================================================================

Rec    Elapsed(ms)  Value    Transition                              
--------------------------------------------------------------------------------
1      0            35                                               
2      300          35                                               
3      601          35                                               
4      901          35                                               
5      1201         35                                               
7      1519         35                                               
8      1800         35                                               
9      2100         35                                               
10     2401         35                                               
11     2709         35                                               
13     2880         5C       *** 35 -> 5C                            
14     3001         35       *** 5C -> 35                            
15     3310         35                                               
16     3604         35                                               
17     3907         35                                               
18     4207         35                                               
19     4507         35                                               
20     4808         35                                               
21     5110         35                                               
22     5409         35                                               
23     5711         35                                               
24     6012         35                                               
25     6312         35                                               
26     6612         35                                               
27     6913         35                                               
28     7211         35                                               
29     7513         35                                               
30     7812         35                                               
31     7868         5C       *** 35 -> 5C                            
32     8114         35       *** 5C -> 35                            
34     8425         35                                               
35     8715         35                                               
36     9013         35                                               
38     9316         35                                               
41     9614         35                                               
42     9913         35                                               
43     10213        35                                               
44     10514        35                                               
45     10812        35                                               
46     11112        35                                               
47     11413        35                                               
48     11721        56       *** 35 -> 56                            
49     12022        35       *** 56 -> 35                            
50     12318        35                                               
51     12622        35                                               
52     12879        5C       *** 35 -> 5C                            
53     12915        35       *** 5C -> 35                            
54     13221        35                                               
55     13520        59       *** 35 -> 59                            
56     13820        35       *** 59 -> 35                            
57     14120        35                                               
58     14419        35                                               
59     14719        35                                               
60     15020        35                                               
61     15320        35                                               
62     15623        35                                               
63     15923        35                                               
64     16221        65       *** 35 -> 65                            
65     16522        35       *** 65 -> 35                            
66     16822        35                                               
... (435 more records)

Value Statistics (total 495 records):
  35:  401 occurrences ( 81.0%)
  56:   10 occurrences (  2.0%)
  59:    5 occurrences (  1.0%)
  5C:   30 occurrences (  6.1%)
  65:    8 occurrences (  1.6%)
  6A:    2 occurrences (  0.4%)
  95:    7 occurrences (  1.4%)
  AA:   32 occurrences (  6.5%)

================================================================================
CHANNEL 6
================================================================================

Rec    Elapsed(ms)  Value    Transition                              
--------------------------------------------------------------------------------
1      0            35                                               
2      300          35                                               
3      601          35                                               
4      901          35                                               
5      1201         35                                               
7      1519         35                                               
8      1800         56       *** 35 -> 56                            
9      2100         35       *** 56 -> 35                            
10     2401         35                                               
11     2709         56       *** 35 -> 56                            
13     2880         C7       *** 56 -> C7                            
14     3001         35       *** C7 -> 35                            
15     3310         35                                               
16     3604         59       *** 35 -> 59                            
17     3907         35       *** 59 -> 35                            
18     4207         35                                               
19     4507         59       *** 35 -> 59                            
20     4808         35       *** 59 -> 35                            
21     5110         35                                               
22     5409         35                                               
23     5711         35                                               
24     6012         35                                               
25     6312         65       *** 35 -> 65                            
26     6612         35       *** 65 -> 35                            
27     6913         35                                               
28     7211         65       *** 35 -> 65                            
29     7513         35       *** 65 -> 35                            
30     7812         35                                               
31     7868         C7       *** 35 -> C7                            
32     8114         95       *** C7 -> 95                            
34     8425         35       *** 95 -> 35                            
35     8715         35                                               
36     9013         95       *** 35 -> 95                            
38     9316         35       *** 95 -> 35                            
41     9614         35                                               
42     9913         95       *** 35 -> 95                            
43     10213        35       *** 95 -> 35                            
44     10514        35                                               
45     10812        35                                               
46     11112        35                                               
47     11413        35                                               
48     11721        35                                               
49     12022        35                                               
50     12318        35                                               
51     12622        35                                               
52     12879        C7       *** 35 -> C7                            
53     12915        35       *** C7 -> 35                            
54     13221        35                                               
55     13520        35                                               
56     13820        35                                               
57     14120        35                                               
58     14419        35                                               
59     14719        35                                               
60     15020        35                                               
61     15320        35                                               
62     15623        35                                               
63     15923        35                                               
64     16221        35                                               
65     16522        35                                               
66     16822        35                                               
... (435 more records)

Value Statistics (total 495 records):
  35:  395 occurrences ( 79.8%)
  56:    9 occurrences (  1.8%)
  59:    8 occurrences (  1.6%)
  5A:    2 occurrences (  0.4%)
  65:    7 occurrences (  1.4%)
  95:    7 occurrences (  1.4%)
  AA:   37 occurrences (  7.5%)
  C7:   30 occurrences (  6.1%)

================================================================================
CHANNEL 7
================================================================================

Rec    Elapsed(ms)  Value    Transition                              
--------------------------------------------------------------------------------
1      0            35                                               
2      300          35                                               
3      601          35                                               
4      901          35                                               
5      1201         35                                               
7      1519         35                                               
8      1800         35                                               
9      2100         35                                               
10     2401         35                                               
11     2709         35                                               
13     2880         33       *** 35 -> 33                            
14     3001         35       *** 33 -> 35                            
15     3310         35                                               
16     3604         35                                               
17     3907         35                                               
18     4207         35                                               
19     4507         35                                               
20     4808         35                                               
21     5110         35                                               
22     5409         35                                               
23     5711         35                                               
24     6012         35                                               
25     6312         35                                               
26     6612         35                                               
27     6913         35                                               
28     7211         35                                               
29     7513         35                                               
30     7812         35                                               
31     7868         33       *** 35 -> 33                            
32     8114         35       *** 33 -> 35                            
34     8425         35                                               
35     8715         35                                               
36     9013         35                                               
38     9316         35                                               
41     9614         35                                               
42     9913         35                                               
43     10213        35                                               
44     10514        35                                               
45     10812        35                                               
46     11112        35                                               
47     11413        35                                               
48     11721        35                                               
49     12022        35                                               
50     12318        35                                               
51     12622        35                                               
52     12879        33       *** 35 -> 33                            
53     12915        35       *** 33 -> 35                            
54     13221        35                                               
55     13520        35                                               
56     13820        35                                               
57     14120        35                                               
58     14419        35                                               
59     14719        35                                               
60     15020        35                                               
61     15320        35                                               
62     15623        35                                               
63     15923        35                                               
64     16221        35                                               
65     16522        35                                               
66     16822        35                                               
... (435 more records)

Value Statistics (total 495 records):
  33:   30 occurrences (  6.1%)
  35:  419 occurrences ( 84.6%)
  56:    6 occurrences (  1.2%)
  59:    6 occurrences (  1.2%)
  5A:    1 occurrences (  0.2%)
  65:    4 occurrences (  0.8%)
  6A:    1 occurrences (  0.2%)
  95:    6 occurrences (  1.2%)
  AA:   22 occurrences (  4.4%)

================================================================================
CHANNEL 8
================================================================================

Rec    Elapsed(ms)  Value    Transition                              
--------------------------------------------------------------------------------
1      0            35                                               
2      300          35                                               
3      601          35                                               
4      901          35                                               
5      1201         35                                               
7      1519         35                                               
8      1800         35                                               
9      2100         35                                               
10     2401         35                                               
11     2709         35                                               
13     2880         56       *** 35 -> 56                            
14     3001         35       *** 56 -> 35                            
15     3310         35                                               
16     3604         35                                               
17     3907         35                                               
18     4207         35                                               
19     4507         35                                               
20     4808         35                                               
21     5110         35                                               
22     5409         35                                               
23     5711         35                                               
24     6012         35                                               
25     6312         35                                               
26     6612         35                                               
27     6913         35                                               
28     7211         35                                               
29     7513         35                                               
30     7812         35                                               
31     7868         56       *** 35 -> 56                            
32     8114         35       *** 56 -> 35                            
34     8425         35                                               
35     8715         35                                               
36     9013         35                                               
38     9316         35                                               
41     9614         35                                               
42     9913         35                                               
43     10213        35                                               
44     10514        35                                               
45     10812        35                                               
46     11112        35                                               
47     11413        35                                               
48     11721        35                                               
49     12022        35                                               
50     12318        35                                               
51     12622        35                                               
52     12879        56       *** 35 -> 56                            
53     12915        35       *** 56 -> 35                            
54     13221        35                                               
55     13520        35                                               
56     13820        35                                               
57     14120        35                                               
58     14419        35                                               
59     14719        35                                               
60     15020        35                                               
61     15320        35                                               
62     15623        35                                               
63     15923        35                                               
64     16221        35                                               
65     16522        35                                               
66     16822        35                                               
... (435 more records)

Value Statistics (total 495 records):
  35:  421 occurrences ( 85.1%)
  56:   34 occurrences (  6.9%)
  59:    4 occurrences (  0.8%)
  5A:    1 occurrences (  0.2%)
  65:    5 occurrences (  1.0%)
  6A:    1 occurrences (  0.2%)
  95:    4 occurrences (  0.8%)
  AA:   25 occurrences (  5.1%)

====================================================================================================
STATE LOOKUP TABLE FOR CHANNELS 1-8
====================================================================================================

For systematic test (OFF -> AUTO -> OFF pattern):

Channel    OFF State    AUTO State   Notes                                   
----------------------------------------------------------------------------------------------------
1          35           65           Alternating pattern (HIGH confidence)   
2          ?            ?            Constant: 35                            
3          35           99           Alternating pattern (HIGH confidence)   
4          Complex      Complex      3 unique values                         
5          Complex      Complex      8 unique values                         
6          Complex      Complex      8 unique values                         
7          Complex      Complex      9 unique values                         
8          Complex      Complex      8 unique values                         

====================================================================================================
ANALYSIS COMPLETE
====================================================================================================
